Стро 0,05 0,10 0,15
ка циент —
1 0,2500 0,2519 0,2575 0,2669 0,2802
2 0,3333 0,3337 0,3348 0,3367 0,3394
3 0,2-00 0,2:07 0,2529 0,2566 0,2618
4 1а 0,2000 0 2004 0,2017 0,2(38 0,2067
5 0,5000 0,5024 0,5047 0,5220 0,53^5
6 p 0,6667 0,6716 0,6863 0,7111 0,7467
0,5000 0,5030 0 5121 0,5277 0,5502
8 0,2500 0,2522 0,2587 0,2700 0,2867
9 δ2001a 0,4000 0,1029 0,4116 0,4266 0,4487
10 0,1667 0,1677 0,1700 0,1765 0,1845

Таблица VII.6
CT X
са Y
((=7,5B=0,97)
0,20 0,25 [ 0,30 0,35 0,40 0,45 0,50
0,2973 0,3183 0,0433 0,3724 0,1057 0,4434
0,3130 0,3475 0,3532 0,3601 0,3683 0,3781
0,2685 0,2767 0,2866 0,2982 0,3115 0,3266
0,2106 0,2153 0,2210 0,2217 0,2353 0,2411
0,5626 0,5918 0,6276 0,6707 0,7217 0,7816
0,7910 0,8545 0,9298 1,0219 1,1333 1,2666
0,5804 0,6134 0,6684 0,7286 0,8019 0,8900
0,3095 0,3395 0,3779 0,4263 0,4364 0,5602
0,4788 0,5182 0,5685 0,6316 07096 0,8051
0,1955 , 0,2097 02278 0,2502 0,2779 0,3114
www.vokb-Ia.spb.ru - Самолёт своими ?!