Стро- ка циент Коэффи- μ=0 0,05 0,10 0,15
1 0,2500 0,2506 0,2525 0,2556
2 0,3333 0,3333 0,3333 0,3333
3 0,2500 0,2506 0,2525 0,2556
4 0,2000 0,2004 0,2017 0,2037
5 0,5000 0,5038 0,5153 0,5345
6 $0$ 0,6667 0,6743 0,6976 0,7373
7 $822.01 0,5000 0,5056 0,5225 0,5513
8 0,2500 0,2532 0,2630 0,2798
9 0,4000 0,4046 0,4186 0,4429
10 $δ \2$ 0,1667 0,1684 0,1735 0,1824

Таблица VII.5
(Y=7,5;B=0,97)
0,20 0,25 0,30 0,35 0,40 0,45 0,50
0,2600 0,2655 0,2722 0,2802 0,2892 0,2993 0,3105
0,3333 0,3332 0,3330 0,3327 0,3323 0,3316 0,3307
0,2599 0,2654 0,2721 0,2799 0,2887 0,2985 0,3093
0,2066 0,2103 0,2147 0,2198 0,2257 0,2322 0,2393
0,5607 0,5971 0,6411 0,6940 0,7563 0,8287 0,9116
0,7946 0,8713 6960 1,0918 1,2413 1,4217 1,€367
0,5927 0,6480 0,7187 0,8066 0,9139 1,0432 1,1974
0,3047 0,3389 0,3839 0,4419 0,5150 0,6061 0,7181
0,4787 0,5280 0,5930 0,6768 0,7827 0,9147 1,0773
0,1955 0,2135 0,2372 0,2676 0,3060 0,3537 0,4124