Таблица
VII. 3
Числовые значения коэфрициентов в уравнении (VI.69) для ст/а
(r=7,5;B=0,97)
Коэффи-
0,30
0,35
0,45
µ=0
0,05
0,20
0,25
0,40
0,50
0,10
0,15
ka
циент
0,4711
0,4807
0,4868
0,4944
0,5152
0,4730
0,4762
0,5286
0,4704
0,5038
0,5445
1
0,3333
0,3054
0,3229
0,3160
0,3790
0,4231
θ0
0,3042
0,3090
0,3612
0,3996
2
0,3148
01
0,2749
0,2237
0,2310
0,2366
0,2437
0,2523
0,2213
0,2219
0,2267
0,2627
0,2892
3
Таблица
VII. 4
mk
yckop
в (12ПЛ) иинән я нәпиффеоя винәене эогэ
да
(γ=7,5 B=0,97)
0,35
0,40
0,05
0,45
0,50
µ=0
0,10
0,20
0,25
0,=0
0,15
0,8399
0,5585
0470
0,4739
0,4844
0,7016
0,5982
0,7662
0,5265
0,6457
0,5018
1
1,1789
λ.00
0,3112
0,4205
0,5787
0,8238
0,9859
0,30±2
0,3685
0,4900
0,6891
0,3324
2
λ01
0,2681
0,50C3
0,3(59
0,3562
0,4205
0,5975
0,8536
0,2264
0,2419
0,7144
3
0,2:13
$}$
0,0023
0,1450
6,0093
0,0216
0,06.6
0,2029
0,3676
0
0,0399
0,1000
0,2762
4
0,0136
θ001
0,5357
0,0958
0,1460
0,2116
0,4026
0
0.0033
0,0316
0,0584
0,2959
5
$θ\f}$
0,1467
0,0012
0,0115
0,0213
0,0350
0,0533
0,0772
0,0050
0,1079
0
0,1951
6
www.vokb-la.spb.ru - Самолёт своими руками?!