7
1 1
1 1 1 1 1 1 1 ρ,,--
1 1 1 1 1 1 1 1 1 6 -ρ- -,--.-
-------.----τ- --τ- ------τ---
1 1 1 1 1 1 1 11
1 1 1 1 1 1 1 1 1
1 1 1 1 1 1 1 1 1
1 1 1 1 1 1 1 1 1 -τ-- --:---- τ-- 5 γ-ν- ν+----- iD
1 1 1 1 1 1 1 11
з. 1 1 1 1 1.
1 1 1 1 1 1
σ: 1 1 1 1 1 1 1 1
~ 4
1 1 1 1 1 1 11 ">
1 1 1 1 1 1
1 1 1 1 1 1 ~ 1 1 1 1 1
1 1 1 1 1 1 "2 3 ------~---~-- - {! 1 1
1 1
1 1 μ σ:
1 1
1 1 1 1 1 1 1 1 1 (/) 2
..1.--Λ-Λ-J-.Λ.J..J-- ----- ------ -- .J.-- ~- 1 1 1 1 1 1 1 1 1
1 1 1 1 1 1 1 1 1
1 1 1 1 1 1
1 1 1 1 1 1 -------4---- -1--1--4-
1 1 1 1 1 1 1 1' +-- 1 -+- +--1-1-- -----
1 1 1 1 1 1 1 1 1
1
1
ο
0.1 1
1
1 - Стандартное отклонение (дБ)
2 - Частота (ГГц)
20-11
Рисунок Допустимое стандартное
1

20-37
1 1
1 1
1 1 1
1 1 1 1 1 1 1 1 1 ρ ρ
1 1 1 1 1 1 1 1 1 1 1 1 1 1 1 1 1 ρ-
 -γ-- ,-,--τ -γ τ-------,----,-- -γ- τ- τ- -τ-~-
1 1 1 1 1 1 1 1 1 1 1 1 1 1 1 1 1
1 1 1 1 1 1 1 1 1 1 1 1 1 1 1 1 1
1 1 1 1 1 1 1 1 1 1 1 1 1 1 1 1 1 +- 1 1 1 1 1 1 1 1 1 1 1 1 1 1 1 1 1 τ- -:-1- -1- --τ----:--- -τ-:- --1---:-- τ
 -1--:--τ +-------γ-
1 1 1 1 1 1 1 1 1 1 1 1 1 1 1 1 1
1 1 1 1 1 1 1 1 1 φ
1 1 1 1 1 1 1 1 1 1
1 1 1 1 1 1 1 1 1 1 1 1 1 1 1 1 1
-~--~--Λ-Λ~-Λ~~-------~----Λ--Λ-~-~-~-LL~-------Λ---J---Λ-~-~-Λ~-Λ 1 1 1 1 1 1 1 1 1 1 1 1 1 1 1 1 1
1 1 1 1 1 ,. 1 1 1 1
1 1 1 1 1 1 1 1 1 1
1 1 1 1 1 1 1
1 1 1 1 1 1 1 1 1 1 1 1
Λ---J---Λ- ~-.1-Λ~-1-
1 1 1 1 1
1 1 1 1 1
1 1 1 1 1
1 1 1 1 1 ..1.--- -'--- .Λ.---- --- 1 1 1 1 1 1 1 1 1 1 1 1 1 1 1 1
.J- .Λ- .J-..Λ -'- Λ- -- ..Λ-1- .J -- -'-- Λ .Λ- Λ .Λ- 1 1 1 1 1 1 1 1 1 1 1 1 1 1 1 1 1
1 1 1 1 1 1 1 1 1 1 1 1 1 1 1 1 1
1 1 1 1 1 1 1 1 1 1 1
1 1 1 1 1 1 1 1 1 1 1 ---1---- ..
1 1 1 1 1 1 1 1 1 1 1 1 1 1 1 1 1 +---- +- + -+--- +-- -1- -1--+ -+-1- -1--- -1-1- ---1-- -1-
1 1 1 1 1 1 1 1 1 1 1 1 1 1 1 1 1
1
1
100 10
2 Frequency (GHz)
отклонение для проверкиоднородности поля