nknknknkBBBB
158 1.473 192 1.454 330 1.411 900 1.358
159 1.472 193 1.453 335 1.410 925 1.357
160 1.472 194 1.453 340 1.409 950 1.356
161 1.471 195 1.452 345 1.408 975 1.355
162 1.470 196 1.452 350 1.407 1000 1.354
163 1.470 197 1.451 355 1.406 1500 1.340
164 1.469 198 1.451 360 1.405 2000 1.332
165 1.468 199 1.450 365 1.404 3000 1.323
166 1.468 200 1.450 370 1.403 5000 1.313
167 1.467 205 1.448 375 1.402 10000 1.304
168 1.467 210 1.446 380 1.402 ∞ 1.282
169 1.466 215 1.444 385 1.401
170 1.465 220 1.442 390 1.400
171 1.465 225 1.440 395 1.399
172 1.464 230 1.438 400 1.398
173 1.464 235 1.436 425 1.395
174 1.463 240 1.434 450 1.391
175 1.463 345 1.433 475 1.388
176 1.462 250 1.431 500 1.386
177 1.461 255 1.430 525 1.383
178 1.461 260 1.428 550 1.381
179 1.460 265 1.427 575 1.378
180 1.460 270 1.425 600 1.376
181 1.459 275 1.424 625 1.374
182 1.459 280 1.422 650 1.372
183 1.458 285 1.421 675 1.371
184 1.458 290 1.420 700 1.369
185 1.457 295 1.419 725 1.367
186 1.457 300 1.417 750 1.366
187 1.456 305 1.416 775 1.364
188 1.456 310 1.415 800 1.363
189 1.455 315 1.414 825 1.362
190 1.455 320 1.413 850 1.361
191 1.454 325 1.412 875 1.359
Таблица Α5 – Коэффициент для вычисления Α-базиса β случае κ
Α
нормального распределения
nknknknkAAAA
2 37.094 11 3.852 20 3.295 29 3.080
3 10.553 12 3.747 21 3.263 30 3.064
4 7.042 13 3.659 22 3.233 31 3.048
5 5.741 14 3.585 23 3.206 32 3.034
6 5.062 15 3.520 24 3.181 33 3.020
7 4.642 16 3.464 25 3.158 34 3.007
8 4.354 17 3.414 26 3.136 35 2.995
9 4.143 18 3.370 27 3.116 36 2.983
10 3.981 19 3.331 28 3.098 37 2.972
78