Таблица Α7 – Значения для непараметрического определения -базиса ArAnrnrnrnrAAAA
≤298 0 3603 27 6657 54 9627 81
299 1 3719 28 6769 55 9736 82
473 2 3834 29 6879 56 9854 83
628 3 3949 30 6990 57 9954 84
773 4 4064 31 7100 58 10063 85
913 5 4179 32 7211 59 10172 86
1049 6 4293 33 7322 60 10281 87
1182 7 4407 34 7432 61 10390 88
1312 8 4521 35 7543 62 10498 89
1441 9 4635 36 7653 63 10607 90
1568 10 4749 37 7763 64 10716 91
1693 11 4862 38 7874 65 10824 92
1818 12 4975 39 7984 66 10933 93
1941 13 5088 40 8094 67 11041 94
2064 14 5201 41 8204 68 11150 95
2185 15 5314 42 8314 69 11258 96
2306 16 5427 43 8423 70 11366 97
2426 17 5539 44 8533 71 11475 98
2546 18 5651 45 8643 72 11583 99
2665 19 5764 46 8753 73 11691 100
2784 20 5876 47 8862 74
2902 21 5988 48 8972 75
3020 22 6099 49 9081 76
3137 23 6211 50 9190 77
3254 24 6323 51 9300 78
3371 25 6434 52 9409 79
3487 26 6545 53 9518 80
81